heller
Rx = [ 0.1610267758, -0.8962305784,  0.4133292735
               -0.3193692863,  0.3489445448,  0.8810453415
               -0.9338488579, -0.2738766372, -0.2300391197]
tx = [-0.0993371904, 0.0473943427, 0.0794488043]

BA
0.16084 -0.896324    0.4132
-0.318887  0.349004  0.881197
-0.934046 -0.273496 -0.229692
-0.100877
0.0504284
0.0794096

tsai
0.160727555838572	-0.896450870969576	0.412967902786702	-0.0999663232734466
-0.319168550055393	0.348720644464298	0.881206757112054	0.0488073230824292
-0.933968998120225	-0.273440575010903	-0.230069907828056	0.0769871159829779
0	0	0	1

andreff
0.160713507824192	-0.896456743226129	0.412960622732054
-0.319119440656090	0.348731266427111	0.881220339308783
-0.933988196391254	-0.273407774835582	-0.230030949355229
-0.100469386729901
0.0491582011244262
0.0776265711301366
