heller
Rx = [ 0.1609292030, -0.8962836266,  0.4132522047
               -0.3187823296,  0.3490644693,  0.8812104464
               -0.9340660572, -0.2735499442, -0.2295447588]
tx = [-0.0994730741, 0.0513971522, 0.0806845501]

BA
0.160842 -0.896333   0.41318
-0.318985  0.348956   0.88118
-0.934012 -0.273529  -0.22979
-0.10015
0.0500218
0.0808341

tsai
0.160981752655125	-0.896344215492862	0.413100378436731	-0.0994823125476547
-0.319078694162511	0.348815665638412	0.881201689930732	0.0492610756543941
-0.933955920931834	-0.273668921797339	-0.229851384591547	0.0804178803247171
0	0	0	1

andreff
0.160984220973548	-0.896345305876366	0.413097050620001
-0.319081176808001	0.348811069362379	0.881202610355356
-0.933954647295232	-0.273671208795659	-0.229853836757106
-0.0995929002008412
0.0492328012202869
0.0807618415029551
