heller
Rx = [ 0.1569655538, -0.8968132734,  0.4136276543
               -0.3181052506,  0.3505884409,  0.8808500767
               -0.9349710941, -0.2698401511, -0.2302507162]
tx = [-0.1222810894, 0.0593352243, 0.0811913535]

BA
0.160698 -0.896178  0.413572
-0.318914  0.349396  0.881031
-0.934061 -0.273474 -0.229656
-0.0999559
0.0508317
0.0793617

tsai
0.160791050415908	-0.896237616190901	0.413405821718321	-0.0974582236989554
-0.319056026931875	0.349168718665885	0.881070063947057	0.0487247852464636
-0.933996514867479	-0.273567800060013	-0.229806807962099	0.0751093730886374
0	0	0	1

andreff
0.160808398522538	-0.896180913663689	0.413521981216877
-0.319164137455615	0.349247043341881	0.880999861565919
-0.933956590172600	-0.273653563291015	-0.229866950585117
-0.0967841342114536
0.0492244450155674
0.0752615919651060
