heller
Rx = [ 0.1608405113, -0.8952956796,  0.4154227376
               -0.3197728992,  0.3509292603,  0.8801102638
               -0.9337428212, -0.2743982375, -0.2298475504]
tx = [-0.0947103947, 0.0464789942, 0.0852758661]

BA
0.160987 -0.896338  0.413111
-0.318722   0.34893  0.881286
-0.934077 -0.273543  -0.22951
-0.0995485
0.0526089
0.0819193


tsai
0.161050602081933	-0.896313304542118	0.413140610046793	-0.0974696033880928
-0.318430958582818	0.349028307469901	0.881351782888492	0.0570134559662698
-0.934165096856586	-0.273498995766868	-0.229202685694214	0.0834992780077398
0	0	0	1

andreff
0.161062389053937	-0.896383859950078	0.412982908185358
-0.318332948036037	0.348899084047188	0.881438349146280
-0.934196468108783	-0.273432632968399	-0.229153996694460
-0.0990929095991200
0.0553962744333635
0.0833516094875028
