heller
Rx = [ 0.1607751846, -0.8964188099,  0.4130190313
               -0.3193840683,  0.3486962914,  0.8811383247
               -0.9338871241, -0.2735768259, -0.2302401066]
tx = [-0.1011400744, 0.0469501466, 0.0807843581]

BA
0.160912 -0.896349  0.413117
-0.319025  0.348865  0.881202
-0.933986 -0.273591 -0.229822
-0.0996
0.049917
0.0798793

tsai
0.160955594758781	-0.896395744168030	0.412998748609837	-0.0992341295818518
-0.319116264736110	0.348711075527955	0.881229479412151	0.0491239558339387
-0.933947592799896	-0.273633432974812	-0.229927463043671	0.0799262479840921
0	0	0	1

andreff
0.160961605848394	-0.896411056256363	0.412963169863922
-0.319102583219195	0.348678652297720	0.881247263153017
-0.933951231502771	-0.273624588904577	-0.229923207878758
-0.0992728709089814
0.0490855113087515
0.0805173979908247
