1 0 0 0 1 0 0 0 1 0 0 0
0.999959 -0.00902955 -0.000687963 0.00902828 0.999958 -0.00182864 0.000704446 0.00182235 0.999998 0.269757 -0.00513674 0.028173
0.999581 -0.0288964 -0.00160718 0.0288934 0.999581 -0.00183365 0.0016595 0.00178645 0.999997 0.85672 -0.0236694 0.0454484
0.999244 -0.038754 -0.00302074 0.0387481 0.999247 -0.0019868 0.00309547 0.00186825 0.999994 1.15145 -0.0421536 0.0630366
0.99876 -0.049574 -0.00454893 0.0495655 0.998769 -0.00195364 0.00464018 0.00172575 0.999988 1.44855 -0.0628282 0.0798567
0.998221 -0.0593658 -0.00559556 0.0593553 0.998235 -0.00201061 0.00570504 0.0016749 0.999982 1.7424 -0.0838294 0.102472
0.997552 -0.0695928 -0.00681292 0.0695765 0.997573 -0.00259806 0.00697719 0.00211768 0.999973 2.04399 -0.106673 0.110321
0.996766 -0.0800022 -0.00756602 0.0799845 0.996793 -0.00262252 0.00775156 0.00200888 0.999968 2.32024 -0.134852 0.119373
0.994812 -0.101375 -0.00853443 0.101352 0.994846 -0.00313885 0.00880864 0.00225759 0.999959 2.90397 -0.200095 0.129754
0.993661 -0.112093 -0.00859196 0.112058 0.993692 -0.00446843 0.00903864 0.00347731 0.999953 3.1827 -0.235128 0.146406
0.992345 -0.123209 -0.00844695 0.123173 0.992374 -0.00472006 0.00896409 0.00364349 0.999953 3.46234 -0.277054 0.143726
0.990911 -0.134344 -0.00690262 0.134312 0.990927 -0.00492903 0.00750217 0.00395712 0.999964 3.74321 -0.322706 0.148921
0.987264 -0.158811 -0.00940268 0.158777 0.987305 -0.00425717 0.00995941 0.00271003 0.999947 4.3362 -0.427174 0.149509
0.985262 -0.170774 -0.00971636 0.170718 0.985299 -0.00636109 0.0106598 0.00460859 0.999933 4.61122 -0.480762 0.149904
0.982984 -0.183446 -0.00943826 0.18337 0.983008 -0.00839859 0.0108186 0.00652498 0.99992 4.89076 -0.536702 0.148788
0.980438 -0.196563 -0.0102326 0.196467 0.980462 -0.00974365 0.011948 0.00754267 0.9999 5.18507 -0.59989 0.143085
0.977809 -0.209205 -0.0111103 0.2091 0.977845 -0.00984888 0.0129245 0.00730717 0.99989 5.47213 -0.672605 0.140931
0.971512 -0.236654 -0.0126382 0.236516 0.97156 -0.0114907 0.0149981 0.00817423 0.999854 6.05955 -0.821151 0.139362
0.968044 -0.250436 -0.0131181 0.250303 0.968105 -0.0109676 0.0154463 0.00733358 0.999854 6.35106 -0.906425 0.132392
0.964381 -0.264224 -0.0124891 0.264081 0.964426 -0.011973 0.0152084 0.00824841 0.99985 6.63236 -0.989312 0.133145
0.960266 -0.278809 -0.0124131 0.278668 0.960313 -0.0119249 0.0152452 0.00799196 0.999852 6.91479 -1.08195 0.129302
0.951018 -0.308944 -0.0108699 0.308773 0.951018 -0.0149612 0.0149597 0.010872 0.999829 7.49356 -1.27155 0.128481
0.946079 -0.323769 -0.0103725 0.323596 0.946069 -0.0155037 0.0148327 0.0113112 0.999826 7.76698 -1.37392 0.1157
0.940603 -0.339316 -0.0114324 0.33911 0.940598 -0.0167574 0.0164393 0.0118852 0.999794 8.05334 -1.48317 0.105212
0.935033 -0.354397 -0.010737 0.354194 0.935016 -0.017108 0.0161023 0.0121935 0.999796 8.32689 -1.59685 0.100836
0.929263 -0.369269 -0.010509 0.369056 0.929235 -0.0179075 0.0163781 0.0127624 0.999785 8.59593 -1.71188 0.102071
0.916365 -0.400216 -0.0100676 0.400012 0.916341 -0.0176225 0.0162782 0.0121215 0.999794 9.13978 -1.96253 0.0924974
0.909591 -0.415383 -0.0100575 0.415164 0.909559 -0.0184826 0.0168252 0.0126361 0.999779 9.40401 -2.09098 0.0863965
0.902514 -0.43055 -0.00969929 0.430307 0.902459 -0.0201256 0.0174183 0.01399 0.999751 9.66732 -2.22038 0.0777359
0.894882 -0.446194 -0.00982478 0.445933 0.894821 -0.0209745 0.0181501 0.0143885 0.999732 9.92708 -2.35503 0.0747085
0.88657 -0.462532 -0.00757042 0.462281 0.886454 -0.0222857 0.0170187 0.0162582 0.999723 10.1842 -2.49621 0.0576033
0.868524 -0.495625 -0.00460427 0.495373 0.868317 -0.0251488 0.0164623 0.0195615 0.999673 10.702 -2.80278 0.0543965
0.85955 -0.511036 -0.00395522 0.510763 0.8593 -0.0269218 0.0171567 0.0211204 0.99963 10.959 -2.95574 0.0534488
0.850488 -0.525988 -0.00258813 0.525715 0.850187 -0.0284079 0.0171426 0.0228 0.999593 11.2105 -3.11567 0.0489421
0.841042 -0.540968 -0.00121236 0.540703 0.840698 -0.0294514 0.0169515 0.0241143 0.999566 11.4561 -3.27812 0.0419429
0.831104 -0.556114 0.0016584 0.555927 0.83074 -0.0285692 0.01451 0.0246659 0.999591 11.6961 -3.45387 0.025046
0.809947 -0.586468 0.00642079 0.586396 0.809541 -0.0279782 0.0112104 0.026426 0.999588 12.1715 -3.81597 0.033809
0.799671 -0.600402 0.00668095 0.600319 0.799241 -0.0288414 0.0119767 0.0270743 0.999562 12.4086 -3.9981 0.0369902
0.788114 -0.615457 0.0094788 0.615422 0.787594 -0.0308548 0.0115243 0.0301505 0.999479 12.6304 -4.17774 0.0437344
0.776157 -0.630409 0.012884 0.630445 0.775522 -0.0332373 0.0109612 0.03392 0.999365 12.8468 -4.35794 0.0514633
0.765415 -0.643379 0.0142823 0.643442 0.764732 -0.0341622 0.0110571 0.0353381 0.999315 13.0691 -4.54734 0.0533287
