1 0 0 0 1 0 0 0 1 0 0 0
0.999581 -0.0288964 -0.00160718 0.0288934 0.999581 -0.00183365 0.0016595 0.00178645 0.999997 0.85672 -0.0236694 0.0454484
0.99876 -0.049574 -0.00454893 0.0495655 0.998769 -0.00195364 0.00464018 0.00172575 0.999988 1.44855 -0.0628282 0.0798567
0.997552 -0.0695928 -0.00681292 0.0695765 0.997573 -0.00259806 0.00697719 0.00211768 0.999973 2.04399 -0.106673 0.110321
0.994812 -0.101375 -0.00853443 0.101352 0.994846 -0.00313885 0.00880864 0.00225759 0.999959 2.90397 -0.200095 0.129754
0.992345 -0.123209 -0.00844695 0.123173 0.992374 -0.00472006 0.00896409 0.00364349 0.999953 3.46234 -0.277054 0.143726
0.987264 -0.158811 -0.00940268 0.158777 0.987305 -0.00425717 0.00995941 0.00271003 0.999947 4.3362 -0.427174 0.149509
0.982984 -0.183446 -0.00943826 0.18337 0.983008 -0.00839859 0.0108186 0.00652498 0.99992 4.89076 -0.536702 0.148788
0.977809 -0.209205 -0.0111103 0.2091 0.977845 -0.00984888 0.0129245 0.00730717 0.99989 5.47213 -0.672605 0.140931
0.968044 -0.250436 -0.0131181 0.250303 0.968105 -0.0109676 0.0154463 0.00733358 0.999854 6.35106 -0.906425 0.132392
0.960266 -0.278809 -0.0124131 0.278668 0.960313 -0.0119249 0.0152452 0.00799196 0.999852 6.91479 -1.08195 0.129302
0.946079 -0.323769 -0.0103725 0.323596 0.946069 -0.0155037 0.0148327 0.0113112 0.999826 7.76698 -1.37392 0.1157
0.935033 -0.354397 -0.010737 0.354194 0.935016 -0.017108 0.0161023 0.0121935 0.999796 8.32689 -1.59685 0.100836
0.916365 -0.400216 -0.0100676 0.400012 0.916341 -0.0176225 0.0162782 0.0121215 0.999794 9.13978 -1.96253 0.0924974
0.902514 -0.43055 -0.00969929 0.430307 0.902459 -0.0201256 0.0174183 0.01399 0.999751 9.66732 -2.22038 0.0777359
0.88657 -0.462532 -0.00757042 0.462281 0.886454 -0.0222857 0.0170187 0.0162582 0.999723 10.1842 -2.49621 0.0576033
0.85955 -0.511036 -0.00395522 0.510763 0.8593 -0.0269218 0.0171567 0.0211204 0.99963 10.959 -2.95574 0.0534488
0.841042 -0.540968 -0.00121236 0.540703 0.840698 -0.0294514 0.0169515 0.0241143 0.999566 11.4561 -3.27812 0.0419429
0.809947 -0.586468 0.00642079 0.586396 0.809541 -0.0279782 0.0112104 0.026426 0.999588 12.1715 -3.81597 0.033809
0.788114 -0.615457 0.0094788 0.615422 0.787594 -0.0308548 0.0115243 0.0301505 0.999479 12.6304 -4.17774 0.0437344
0.765415 -0.643379 0.0142823 0.643442 0.764732 -0.0341622 0.0110571 0.0353381 0.999315 13.0691 -4.54734 0.0533287
