heller
Rx = [ 0.1599498391, -0.8963947296,  0.4133917093
               -0.3185882568,  0.3494950533,  0.8811100721
               -0.9343006611, -0.2726351023, -0.2296791077]
tx = [-0.1065405533, 0.0537050739, 0.0790831670]

BA
0.160784 -0.896389  0.413081
-0.318953  0.348881  0.881221
-0.934033  -0.27344 -0.229812
-0.100796
0.0506521
0.0809832

tsai
0.160982369103172	-0.896314319185411	0.413165001011852	-0.0980449724616222
-0.319023025836025	0.348895359754077	0.881190295525604	0.0503882215184906
-0.933974831472646	-0.273665250196781	-0.229778904624372	0.0829479594317669
0	0	0	1

andreff
0.160996167917169	-0.896304123347478	0.413181742561668
-0.319086476728459	0.348889887348959	0.881169488165954
-0.933950777228118	-0.273705617362780	-0.229828589907902
-0.0982594590773062
0.0503135718760059
0.0821031157019326
