heller
 Rx = [ 0.1607944369, -0.8963823318,  0.4130904973
               -0.3189984262,  0.3488748074,  0.8812073469
               -0.9340156317, -0.2734684944, -0.2298474312]
tx = [-0.1004980579, 0.0498759970, 0.0802433863]

ba
 0.160847 -0.896342  0.413158
-0.318983  0.348933   0.88119
-0.934012 -0.273527 -0.229793
-0.0999966
0.0499997
0.0799966

tsai
0.160846725880680	-0.896341904280835	0.413157986009797	-0.0999964885144282
-0.318983622921932	0.348932813685717	0.881189729763669	0.0499987785933034
-0.934011658964204	-0.273527114128701	-0.229793687370564	0.0799999092432776
0	0	0	1

andreff
0.160846726940493	-0.896341919409825	0.413157952775015
-0.318983590262204	0.348932790320877	0.881189750838218
-0.934011669935641	-0.273527094357392	-0.229793666310534
-0.0999969166556702
0.0499986161844683
0.0799995621441680
